0.5	1	0.3987610407018896
0.5	2	0.8283638083462455
0.5	3	1.2178597991960576
0.5	4	1.5838105461747667
0.5	5	1.933321444092504
0.5	6	2.269652676678456
0.5	7	2.593839711765919
0.5	8	2.9058074238689375
0.5	9	3.2050850573444283
0.5	10	3.491199334334924
0.5	11	3.7638466904681156
0.5	12	4.022945542489159
0.5	13	4.268625665557649
0.5	14	4.501192901757682
0.5	15	4.721082850579706
0.5	16	4.928823617992191
0.5	17	5.125001628601019
0.5	18	5.310231667818777
0.5	19	5.485139965451563
0.5	20	5.650345766405186
0.5	21	5.806452824023492
0.5	22	5.954040728719761
0.5	23	6.093662694111177
0.5	24	6.225840877445852
0.5	25	6.351065850589803
0.5	26	6.4697962759240415
0.6	1	0.4218408656425133
0.6	2	0.89073046960936
0.6	3	1.3266994054157668
0.6	4	1.7438885072625598
0.6	5	2.1482907670078752
0.6	6	2.5421285413500243
0.6	7	2.925284729531092
0.6	8	3.296528697329439
0.6	9	3.654357405545918
0.6	10	3.9974596728506304
0.6	11	4.324905285885107
0.6	12	4.6361856443579175
0.6	13	4.931170176760667
0.6	14	5.21003756291505
0.6	15	5.473199955580863
0.6	16	5.721235584745143
0.6	17	5.954829562861168
0.6	18	6.1747325891297224
0.6	19	6.381722755839392
0.6	20	6.576584246134865
0.6	21	6.760086316812076
0.6	22	6.9329723890197625
0.6	23	7.095956153639402
0.6	24	7.249708942599777
0.6	25	7.394863765364012
0.6	26	7.5320127126298075
0.7	1	0.4463133754246529
0.7	2	0.9580527962604989
0.7	3	1.4454559532687241
0.7	4	1.9199599877246711
0.7	5	2.3862791100978376
0.7	6	2.8453100637065916
0.7	7	3.295401995502841
0.7	8	3.733775454080067
0.7	9	4.157553825440929
0.7	10	4.564322219861328
0.7	11	4.952352102320331
0.7	12	5.320608191987575
0.7	13	5.668670308368275
0.7	14	5.9966090072770815
0.7	15	6.304863206772424
0.7	16	6.594133828626783
0.7	17	6.865291405223795
0.7	18	7.119309196513259
0.7	19	7.357207276855102
0.7	20	7.580019759422088
0.7	21	7.788758688140212
0.7	22	7.984405503666558
0.7	23	8.167895797101082
0.7	24	8.340110242596296
0.7	25	8.501874231502502
0.7	26	8.653958352911642
0.8	1	0.4722518718961868
0.8	2	1.0305727795346444
0.8	3	1.5745023156053009
0.8	4	2.112477155315233
0.8	5	2.6477333126360407
0.8	6	3.1794659394400577
0.8	7	3.7040057107144717
0.8	8	4.2165399436055715
0.8	9	4.712413005555505
0.8	10	5.187825463085841
0.8	11	5.640083085135175
0.8	12	6.067574289263442
0.8	13	6.469615435856675
0.8	14	6.846253704781679
0.8	15	7.198077339023394
0.8	16	7.526048366562115
0.8	17	7.831369840796208
0.8	18	8.115376961716004
0.8	19	8.379466972020374
0.8	20	8.625039657042754
0.8	21	8.853460736926737
0.8	22	9.066042109140719
0.8	23	9.264018243863537
0.8	24	9.448553305176318
0.8	25	9.620718736579372
0.8	26	9.781506597166043
0.9	1	0.49972903003981245
0.9	2	1.108484289446113
0.9	3	1.7140204960742924
0.9	4	2.321459196501616
0.9	5	2.9323049383801356
0.9	6	3.543567250836171
0.9	7	4.148955882457468
0.9	8	4.741054662973088
0.9	9	5.312988664042082
0.9	10	5.859305036079643
0.9	11	6.376246097759457
0.9	12	6.861656635053488
0.9	13	7.3147213153371675
0.9	14	7.735658038724533
0.9	15	8.12542444581425
0.9	16	8.485469717000008
0.9	17	8.81754375339806
0.9	18	9.123545138691755
0.9	19	9.405417568954814
0.9	20	9.665079471514526
0.9	21	9.904375445635447
0.9	22	10.125044596837752
0.9	23	10.328711851341021
0.9	24	10.516877556474064
0.9	25	10.690918447655921
0.9	26	10.852089212260035
1	1	0.528815186625336
1	2	1.1919128666863392
1	3	1.8639448912451464
1	4	2.546385897169773
1	5	3.238685555377071
1	6	3.935062092646613
1	7	4.625893739629833
1	8	5.300533484833953
1	9	5.949459512678788
1	10	6.56537712632846
1	11	7.143490805162755
1	12	7.681280839089639
1	13	8.17808836595412
1	14	8.634627908260397
1	15	9.052561273246797
1	16	9.434141153046099
1	17	9.781942869698446
1	18	10.09866234813688
1	19	10.386986820644154
1	20	10.649505618740774
1	21	10.88865960613411
1	22	11.106707037280662
1	23	11.305721895377799
1	24	11.487585368977117
1	25	11.6540005783651
1	26	11.8064957070359
1.1	1	0.5595767844323297
1.1	2	1.2808951862623355
1.1	3	2.0239098227132484
1.1	4	2.786117604773516
1.1	5	3.564513971089485
1.1	6	4.349810305768066
1.1	7	5.128266085388746
1.1	8	5.885372277621501
1.1	9	6.608621463808099
1.1	10	7.28884297681398
1.1	11	7.920414691562731
1.1	12	8.500843021942284
1.1	13	9.030078062784723
1.1	14	9.509804307403607
1.1	15	9.942822723377562
1.1	16	10.332562699291497
1.1	17	10.682730755221215
1.1	18	10.997056675589828
1.1	19	11.279143579867714
1.1	20	11.532376100152469
1.1	21	11.7598610491726
1.1	22	11.964428250333233
1.1	23	12.14861052884631
1.1	24	12.314674476795869
1.1	25	12.464632267773045
1.1	26	12.600265205211736
1.2	1	0.5920739397152356
1.2	2	1.37535667044651
1.2	3	2.1932112638791033
1.2	4	3.0388655104865623
1.2	5	3.9064044819817267
1.2	6	4.78223882716195
1.2	7	5.647703094150233
1.2	8	6.4838703661842
1.2	9	7.275071509036362
1.2	10	8.010448975982424
1.2	11	8.684015478765138
1.2	12	9.293897590278908
1.2	13	9.84128025606233
1.2	14	10.329392450033902
1.2	15	10.762659177514571
1.2	16	11.146064263031116
1.2	17	11.484713652230502
1.2	18	11.783556083192797
1.2	19	12.047218499131382
1.2	20	12.279923173015943
1.2	21	12.485462474172058
1.2	22	12.667205137783597
1.2	23	12.828110683148147
1.2	24	12.970773700748122
1.2	25	13.097456991008603
1.2	26	13.210125787260502
1.3	1	0.6263584695593378
1.3	2	1.475091837405593
1.3	3	2.370790630244061
1.3	4	3.3022337470787195
1.3	5	4.26011424412928
1.3	6	5.2257332503598475
1.3	7	6.1747410268756955
1.3	8	7.083381038739394
1.3	9	7.932873760792359
1.3	10	8.711133455549888
1.3	11	9.412516529908718
1.3	12	10.036548927542798
1.3	13	10.586392957859776
1.3	14	11.067430524067015
1.3	15	11.486162164050562
1.3	16	11.849433018701712
1.3	17	12.163931611458308
1.3	18	12.435901865111356
1.3	19	12.671000730890817
1.3	20	12.874256641120041
1.3	21	13.050068594357672
1.3	22	13.202254522818329
1.3	23	13.334101863899692
1.3	24	13.448444390543123
1.3	25	13.547691401032317
1.3	26	13.633914588520339
1.4	1	0.662470327102751
1.4	2	1.579747816256835
1.4	3	2.5552515900033472
1.4	4	3.5733346688856353
1.4	5	4.620852536338818
1.4	6	5.673222241413215
1.4	7	6.699751977179613
1.4	8	7.6716351332116295
1.4	9	8.567293681528483
1.4	10	9.374141357888492
1.4	11	10.087790688322189
1.4	12	10.71008461788173
1.4	13	11.2469183788724
1.4	14	11.706376271585928
1.4	15	12.09739541359834
1.4	16	12.42885477756563
1.4	17	12.709075241962342
1.4	18	12.945551119668991
1.4	19	13.144876642028832
1.4	20	13.31275068603257
1.4	21	13.454037231195485
1.4	22	13.572869291355566
1.4	23	13.672731380360856
1.4	24	13.756553957568693
1.4	25	13.826805209170743
1.4	26	13.885554794934867
1.5	1	0.7004349841585935
1.5	2	1.688815605665006
1.5	3	2.744911169838018
1.5	4	3.848983471672806
1.5	5	4.983678922288991
1.5	6	6.117833294725005
1.5	7	7.213870065453689
1.5	8	8.237915061793938
1.5	9	9.166159224097242
1.5	10	9.986471778987196
1.5	11	10.696793284522524
1.5	12	11.302220351125419
1.5	13	11.8120761870118
1.5	14	12.237589136507792
1.5	15	12.59030868588921
1.5	16	12.881181037708336
1.5	17	13.120057701808035
1.5	18	13.31553129516832
1.5	19	13.474941367189526
1.5	20	13.604465787327598
1.5	21	13.709256688149859
1.5	22	13.793585648858462
1.5	23	13.860986870664389
1.5	24	13.914376910767789
1.5	25	13.956152507299253
1.5	26	13.988299732467805
1.6	1	0.7402594683812518
1.6	2	1.8016324334731082
1.6	3	2.9378922781149406
1.6	4	4.125938236124613
1.6	5	5.343935126709885
1.6	6	6.553494999856246
1.6	7	7.7097167511111575
1.6	8	8.773824194073407
1.6	9	9.720573713401345
1.6	10	10.539432955654517
1.6	11	11.23181314982652
1.6	12	11.806962672389021
1.6	13	12.278191113095634
1.6	14	12.660116098631203
1.6	15	12.966927571004888
1.6	16	13.211487645996893
1.6	17	13.404975835747441
1.6	18	13.556832469387217
1.6	19	13.674895327917564
1.6	20	13.765602957314162
1.6	21	13.83419171078761
1.6	22	13.884914030766952
1.6	23	13.921207534456158
1.6	24	13.94585485567384
1.6	25	13.961102243057663
1.6	26	13.968770914495844
1.7	1	0.7819287345042881
1.7	2	1.917395404528468
1.7	3	3.132238543650712
1.7	4	4.40115155099762
1.7	5	5.697603156702627
1.7	6	6.975346905563174
1.7	7	8.18177307454421
1.7	8	9.273532354654382
1.7	9	10.224950284832278
1.7	10	11.028379979564798
1.7	11	11.689846080829168
1.7	12	12.223528479555789
1.7	13	12.647111893878101
1.7	14	12.978646639691558
1.7	15	13.234812823045408
1.7	16	13.430123329536748
1.7	17	13.576778930837989
1.7	18	13.684771095951957
1.7	19	13.76217374967727
1.7	20	13.81545086250928
1.7	21	13.849741955074501
1.7	22	13.869125739011663
1.7	23	13.876828177656954
1.7	24	13.875405301598384
1.7	25	13.8668834948028
1.7	26	13.852863685569153
1.8	1	0.8254018813750997
1.8	2	2.0351912342390843
1.8	3	3.326048305875037
1.8	4	4.671990463748155
1.8	5	6.0415510073216385
1.8	6	7.379916182558013
1.8	7	8.626400314139637
1.8	8	9.733580662206721
1.8	9	10.676555495757345
1.8	10	11.451942720210633
1.8	11	12.071477764410316
1.8	12	12.554888612103914
1.8	13	12.924404654182135
1.8	14	13.201381773434036
1.8	15	13.404677543689097
1.8	16	13.550105010114022
1.8	17	13.650521769095354
1.8	18	13.71615810111116
1.8	19	13.755072643143388
1.8	20	13.773536339093578
1.8	21	13.776435511399214
1.8	22	13.767548702520441
1.8	23	13.749798579056112
1.8	24	13.725457587925309
1.8	25	13.696272257620233
1.8	26	13.663603277838652
1.9	1	0.8706085673189629
1.9	2	2.154038059849296
1.9	3	3.517599261459376
1.9	4	4.936386270349252
1.9	5	6.373617838869372
1.9	6	7.765053640720152
1.9	7	9.04159164426929
1.9	8	10.152418751211476
1.9	9	11.074813129817432
1.9	10	11.81109883557971
1.9	11	12.379711297905853
1.9	12	12.806355678806169
1.9	13	13.117755305430622
1.9	14	13.338270192874555
1.9	15	13.488520583868228
1.9	16	13.585199300089322
1.9	17	13.641450017969639
1.9	18	13.667446276002154
1.9	19	13.670976238408183
1.9	20	13.657963589109942
1.9	21	13.632894600877176
1.9	22	13.599166129725358
1.9	23	13.559338890866755
1.9	24	13.515346400616272
1.9	25	13.468644518578309
1.9	26	13.420325392258283
2	1	0.9174456711832185
2	2	2.2729364275845274
2	3	3.7054507691834875
2	4	5.192903583342153
2	5	6.692560604605821
2	6	8.129714173487574
2	7	9.426564419865803
2	8	10.529838668630635
2	9	11.420594113077698
2	10	12.108320828070834
2	11	12.619000043026373
2	12	12.984495038985093
2	13	13.235790035686357
2	14	13.39979409924496
2	15	13.498402775761186
2	16	13.54874560049864
2	17	13.563897008165922
2	18	13.553697645033361
2	19	13.525467534290662
2	20	13.484639276778132
2	21	13.43521157526184
2	22	13.380134973123567
2	23	13.321569161552635
2	24	13.261096948167333
2	25	13.199868595491878
2	26	13.138715242058405
2.1	1	0.9657752676461046
2.1	2	2.3909272937055905
2.1	3	3.888511469864839
2.1	4	5.44071929692404
2.1	5	6.997891844731203
2.1	6	8.473657749369584
2.1	7	9.781357699683747
2.1	8	10.866472334941541
2.1	9	11.715641439401077
2.1	10	12.346939697880744
2.1	11	12.794525391147491
2.1	12	13.096371196141554
2.1	13	13.287298654719276
2.1	14	13.396210412962947
2.1	15	13.445745213497403
2.1	16	13.453032974719253
2.1	17	13.43075568738343
2.1	18	13.388180373552292
2.1	19	13.332017149456965
2.1	20	13.267091094507656
2.1	21	13.196865676299602
2.1	22	13.123803985470964
2.1	23	13.049655895883623
2.1	24	12.975647793611229
2.1	25	12.902627298701303
2.1	26	12.831169278272728
2.2	1	1.0154229678611986
2.2	2	2.507144393550574
2.2	3	4.066058439732894
2.2	4	5.6795417495167575
2.2	5	7.289682185539293
2.2	6	8.797144753241618
2.2	7	10.106460205239909
2.2	8	11.163407515440658
2.2	9	11.962164039946742
2.2	10	12.530700458171461
2.2	11	12.911745200390119
2.2	12	13.149092857165455
2.2	13	13.280806574127212
2.2	14	13.337149402527324
2.2	15	13.34097892738553
2.2	16	13.309025970219345
2.2	17	13.253289497616487
2.2	18	13.182286713106988
2.2	19	13.101993947591357
2.2	20	13.016577373357467
2.2	21	12.92892304460109
2.2	22	12.841004121843591
2.2	23	12.754156008165817
2.2	24	12.669259139024831
2.2	25	12.586879221189271
2.2	26	12.507350022676608
2.3	1	1.0661782126350539
2.3	2	2.620859389625277
2.3	3	4.237723543228076
2.3	4	5.909486197120753
2.3	5	7.5683495184935685
2.3	6	9.100683950769662
2.3	7	10.402554374467437
2.3	8	11.42193574128708
2.3	9	12.162593747208284
2.3	10	12.663527871246451
2.3	11	12.97613958203913
2.3	12	13.149531536847372
2.3	13	13.224297593873704
2.3	14	13.231406250826456
2.3	15	13.19342082145388
2.3	16	13.126308620179703
2.3	17	13.041171717806785
2.3	18	12.9456296054976
2.3	19	12.844856422203494
2.3	20	12.742325117715483
2.3	21	12.640339975966038
2.3	22	12.54038971476519
2.3	23	12.443412790043997
2.3	24	12.349966046796993
2.3	25	12.260344764316802
2.3	26	12.174673787608908
2.4	1	1.1177969478384169
2.4	2	2.731513613156971
2.4	3	4.403441291648236
2.4	4	6.130944477607769
2.4	5	7.834474382918941
2.4	6	9.384848726073521
2.4	7	10.67035744850916
2.4	8	11.643419444121527
2.4	9	12.319447548631453
2.4	10	12.749374749737646
2.4	11	12.993062481505893
2.4	12	13.104220992973268
2.4	13	13.125160583518444
2.4	14	13.08691069607803
2.4	15	13.01127527865012
2.4	16	12.91316265356566
2.4	17	12.802599563642119
2.4	18	12.686224076466779
2.4	19	12.56837217216466
2.4	20	12.451814746172696
2.4	21	12.338287890146937
2.4	22	12.2288146913299
2.4	23	12.123964708371224
2.4	24	12.023993219062925
2.4	25	11.92895507853358
2.4	26	11.838780222504845
2.5	1	1.1700057425411878
2.5	2	2.838729358920479
2.5	3	4.563382637489072
2.5	4	6.344464010257488
2.5	5	8.088679481167222
2.5	6	9.650162149159492
2.5	7	10.910548751839434
2.5	8	11.82922995258398
2.5	9	12.435296707497175
2.5	10	12.792166054087074
2.5	11	12.967684711459611
2.5	12	13.019262836168364
2.5	13	12.990121264051117
2.5	14	12.910715581786485
2.5	15	12.801684562350202
2.5	16	12.676653575890143
2.5	17	12.54445499120612
2.5	18	12.410697520553564
2.5	19	12.27886733869101
2.5	20	12.151056331018737
2.5	21	12.028451025508657
2.5	22	11.911649823886249
2.5	23	11.800873804823748
2.5	24	11.696111740906273
2.5	25	11.597202051443789
2.5	26	11.503903361329925
2.6	1	1.2225079432960697
2.6	2	2.94230830953861
2.6	3	4.717883925632801
2.6	4	6.550648468988563
2.6	5	8.331529380142
2.6	6	9.897040828860778
2.6	7	11.123722278005378
2.6	8	11.980754193164696
2.6	9	12.512725846081539
2.6	10	12.795768744818597
2.6	11	12.904930188930692
2.6	12	12.900329741813973
2.6	13	12.8252527617553
2.6	14	12.709030718871068
2.6	15	12.57081534392411
2.6	16	12.422771264243774
2.6	17	12.272467231613168
2.6	18	12.124472989707018
2.6	19	11.981448744615227
2.6	20	11.844833800579378
2.6	21	11.71530574016466
2.6	22	11.59306510203776
2.6	23	11.47802854835178
2.6	24	11.369942403462948
2.6	25	11.268456757406469
2.6	26	11.17317923890285
2.7	1	1.274992899066121
2.7	2	3.04221218883318
2.7	3	4.867374369643954
2.7	4	6.750087461844721
2.7	5	8.563491002345888
2.7	6	10.125782334445233
2.7	7	11.31043115237656
2.7	8	12.099397083605087
2.7	9	12.554350706332189
2.7	10	12.763964192910166
2.7	11	12.809468615574291
2.7	12	12.752620440377719
2.7	13	12.63598828361984
2.7	14	12.487294366795949
2.7	15	12.323943373449083
2.7	16	12.156543631409988
2.7	17	11.991367246080598
2.7	18	11.831968195781009
2.7	19	11.680210549269244
2.7	20	11.536926564996971
2.7	21	11.402327931988593
2.7	22	11.276262758543526
2.7	23	11.158369512109715
2.7	24	11.048183541851479
2.7	25	10.945199319305804
2.7	26	10.84889322421277
2.8	1	1.3271462973411117
2.8	2	3.1385347088270863
2.8	3	5.01232308878736
2.8	4	6.943315801580797
2.8	5	8.784905992211044
2.8	6	10.336567469946695
2.8	7	11.471195457584516
2.8	8	12.186613751312542
2.8	9	12.562815250557149
2.8	10	12.70044140093849
2.8	11	12.68569652105346
2.8	12	12.580892415707964
2.8	13	12.427161114073034
2.8	14	12.250222872197913
2.8	15	12.06555900606508
2.8	16	11.882162868187512
2.8	17	11.705030016232934
2.8	18	11.536732199984913
2.8	19	11.378392350847767
2.8	20	11.230283894831848
2.8	21	11.092198160999839
2.8	22	10.96366778643202
2.8	23	10.844092858800206
2.8	24	10.732829817268426
2.8	25	10.629227313349224
2.8	26	10.532661760272056
2.9	1	1.3786622448381258
2.9	2	3.231469288244789
2.9	3	5.153192441677158
2.9	4	7.130787129536388
2.9	5	8.995997100821619
2.9	6	10.529486858851723
2.9	7	11.60654563995052
2.9	8	12.24393248026482
2.9	9	12.540778031549786
2.9	10	12.608761648263346
2.9	11	12.537711441084163
2.9	12	12.3894417654837
2.9	13	12.203023406122504
2.9	14	12.001873785343763
2.9	15	11.799438143662675
2.9	16	11.603093990863973
2.9	17	11.416601071705134
2.9	18	11.241601226132152
2.9	19	11.078537980053968
2.9	20	10.927178404311519
2.9	21	10.786943686777445
2.9	22	10.657086551606966
2.9	23	10.536806267614539
2.9	24	10.425298120257407
2.9	25	10.321799287965424
2.9	26	10.225596058926472
3	1	1.429254474619358
3	2	3.321274322624427
3	3	5.290414055744449
3	4	7.31286707789024
3	5	9.19687567935493
3	6	10.70456890816592
3	7	11.717048258702828
3	8	12.272957437336121
3	9	12.490901346862639
3	10	12.492344080038198
3	11	12.369305442678584
3	12	12.182127218602531
3	13	11.967297547031459
3	14	11.745710424797663
3	15	11.528743976544687
3	16	11.3221809472078
3	17	11.128606607616623
3	18	10.948812184492713
3	19	10.782616205946276
3	20	10.629337222547832
3	21	10.488071818946151
3	22	10.357830971114213
3	23	10.23764098174474
3	24	10.126567866402084
3	25	10.023754892260751
3	26	9.928415084947872
3.1	1	1.4786693388001753
3.1	2	3.4082432229285815
3.1	3	5.424371590733638
3.1	4	7.48983597456285
3.1	5	9.3875566442531
3.1	6	10.86181962799134
3.1	7	11.80333733589808
3.1	8	12.27537065871876
3.1	9	12.415842069592705
3.1	10	12.3544458903431
3.1	11	12.18396452886917
3.1	12	11.96238518320926
3.1	13	11.723205454465251
3.1	14	11.484670177578884
3.1	15	11.256089648006723
3.1	16	11.041724215089886
3.1	17	10.843059692762088
3.1	18	10.660104890104114
3.1	19	10.492125114692843
3.1	20	10.338043993598689
3.1	21	10.196672727746538
3.1	22	10.066824208136072
3.1	23	9.947372769356793
3.1	24	9.837281333588432
3.1	25	9.735616225565032
3.1	26	9.641534457866513
3.2	1	1.5266952651534589
3.2	2	3.492677126961997
3.2	3	5.555391939582668
3.2	4	7.661894298081812
3.2	5	9.567979389878742
3.2	6	11.001230877722069
3.2	7	11.866133422889437
3.2	8	12.252933644482743
3.2	9	12.318209564458003
3.2	10	12.198131923733472
3.2	11	11.984851173249696
3.2	12	11.733243505413153
3.2	13	11.473516300094829
3.2	14	11.221210592182768
3.2	15	10.983622756393489
3.2	16	10.7635714488822
3.2	17	10.561532579549628
3.2	18	10.376812075972026
3.2	19	10.208182040953927
3.2	20	10.054225386585195
3.2	21	9.9135097655544
3.2	22	9.784680928848491
3.2	23	9.6664891998154
3.2	24	9.557816331438147
3.2	25	9.457661557494953
3.2	26	9.36513878643981
3.3	1	1.5731700811201794
3.3	2	3.5748678076616707
3.3	3	5.683750378090908
3.3	4	7.829177516878444
3.3	5	9.738026440841411
3.3	6	11.122822747806559
3.3	7	11.90624746147018
3.3	8	12.207465857017704
3.3	9	12.20054924991854
3.3	10	12.026268807664751
3.3	11	11.77481961452605
3.3	12	11.49735303083059
3.3	13	11.22058848538844
3.3	14	10.957377783060366
3.3	15	10.713083200163144
3.3	16	10.489185217675075
3.3	17	10.285239975975182
3.3	18	10.099927160952545
3.3	19	9.931591141920109
3.3	20	9.778520902116176
3.3	21	9.63908053259055
3.3	22	9.511774247589146
3.3	23	9.395258425185952
3.3	24	9.28834167317
3.3	25	9.189978795895298
3.3	26	9.099250969942016
3.4	1	1.617986525944193
3.4	2	3.655084037027077
3.4	3	5.809671234256303
3.4	4	7.991761013291099
3.4	5	9.897534156982905
3.4	6	11.226656681364574
3.4	7	11.924591773127773
3.4	8	12.140825269705
3.4	9	12.065328410284605
3.4	10	11.841499033141504
3.4	11	11.556415059157969
3.4	12	11.257005820097627
3.4	13	10.96641314105036
3.4	14	10.694853820742026
3.4	15	10.445867422296795
3.4	16	10.219704195021526
3.4	17	10.01509645269749
3.4	18	9.830172623820742
3.4	19	9.662910536524128
3.4	20	9.511346461800729
3.4	21	9.37367788426074
3.4	22	9.248295533080485
3.4	23	9.133776014089246
3.4	24	9.028878115699143
3.4	25	8.93251977930272
3.4	26	8.84375948913925
3.5	1	1.661092920145154
3.5	2	3.7335621905302614
3.5	3	5.933337003356934
3.5	4	8.149666203469781
3.5	5	10.046316305372413
3.5	6	11.312850861078008
3.5	7	11.922175376876352
3.5	8	12.054895511140842
3.5	9	11.914892806450991
3.5	10	11.6462551918092
3.5	11	11.331894380154692
3.5	12	11.01418077585331
3.5	13	10.712654784180408
3.5	14	10.435005200123333
3.5	15	10.183075348872395
3.5	16	9.95599509508946
3.5	17	9.751771423791444
3.5	18	9.568051034324085
3.5	19	9.402496336209971
3.5	20	9.252938439950087
3.5	21	9.117435710377976
3.5	22	8.994286639196455
3.5	23	8.882011322908888
3.5	24	8.779327807035422
3.5	25	8.685130070369677
3.5	26	8.598462268040025
3.6	1	1.7024904334145718
3.6	2	3.8105062952217548
3.6	3	6.05489265970857
3.6	4	8.302879425975904
3.6	5	10.18417060028359
3.6	6	11.381595732644863
3.6	7	11.900086622511196
3.6	8	11.951551395158162
3.6	9	11.751468353779922
3.6	10	11.442733904144708
3.6	11	11.103232165676857
3.6	12	10.770551218193251
3.6	13	10.460685712505981
3.6	14	10.178924486259083
3.6	15	9.925552975338626
3.6	16	9.698701435592099
3.6	17	9.49573234743215
3.6	18	9.313883208167386
3.6	19	9.150549029569024
3.6	20	9.003391838444532
3.6	21	8.870361578671114
3.6	22	8.74968370364698
3.6	23	8.639836503963268
3.6	24	8.539509081547658
3.6	25	8.447582110844706
3.6	26	8.363088465130758
3.7	1	1.7422282761061023
3.7	2	3.8860865865876115
3.7	3	6.174455017282438
3.7	4	8.451344770275343
3.7	5	10.310895135674777
3.7	6	11.433154250262694
3.7	7	11.859499633134819
3.7	8	11.832643224376376
3.7	9	11.577135004485138
3.7	10	11.232914297410488
3.7	11	10.872151874624535
3.7	12	10.527536794338157
3.7	13	10.211629296720373
3.7	14	9.927478150226996
3.7	15	9.673948583056296
3.7	16	9.44828240820639
3.7	17	9.247287087501817
3.7	18	9.067848720046301
3.7	19	8.907143853030142
3.7	20	8.762695165158917
3.7	21	8.632368960116551
3.7	22	8.514338482319637
3.7	23	8.407049380077458
3.7	24	8.30917901434264
3.7	25	8.219592751868287
3.7	26	8.137325058537972
3.8	1	1.780394898939491
3.8	2	3.9604434543904463
3.8	3	6.29211407008762
3.8	4	8.59498227208203
3.8	5	10.426295441466124
3.8	6	11.46787410871511
3.8	7	11.801644416182853
3.8	8	11.699979201321222
3.8	9	11.393821693651464
3.8	10	11.018564710735097
3.8	11	10.640132773947151
3.8	12	10.286315506237669
3.8	13	9.966388347534119
3.8	14	9.681330547320293
3.8	15	9.428729383268166
3.8	16	9.205046359021773
3.8	17	9.006609543708272
3.8	18	8.830013247527807
3.8	19	8.672255706992141
3.8	20	8.530750643425073
3.8	21	8.403299867246863
3.8	22	8.288042091634892
3.8	23	8.183402771958274
3.8	24	8.08804820160582
3.8	25	8.000844036214735
3.8	26	7.920830440318591
3.9	1	1.8171089807815126
3.9	2	4.033691186573457
3.9	3	6.40794208525007
3.9	4	8.733683852290717
3.9	5	10.530194939192745
3.9	6	11.486185332520105
3.9	7	11.727792980103636
3.9	8	11.555301032538827
3.9	9	11.203302879779946
3.9	10	10.801239561787218
3.9	11	10.408440848180266
3.9	12	10.047861747529453
3.9	13	9.725681966236795
3.9	14	9.440984301679238
3.9	15	9.190223277175368
3.9	16	8.969179032899715
3.9	17	8.773773868423607
3.9	18	8.600357782786704
3.9	19	8.445789632140455
3.9	20	8.307400645220458
3.9	21	8.182947871841783
3.9	22	8.070544724360456
3.9	23	7.968607950318432
3.9	24	7.875801411587398
3.9	25	7.790997593300935
3.9	26	7.713237895773228
4	1	1.8525094133849607
4	2	4.105920945556947
4	3	6.521992836117628
4	4	8.86732155466305
4	5	10.622446446429135
4	6	11.488597552057442
4	7	11.639252461033918
4	8	11.400269035975434
4	9	11.007194031795144
4	10	10.582309987579082
4	11	10.17814245872155
4	12	9.812965794044665
4	13	9.490061800939035
4	14	9.20680360115085
4	15	8.958640292086454
4	16	8.740765928659224
4	17	8.548763644090757
4	18	8.378790602380285
4	19	8.227591663413667
4	20	8.092440939502609
4	21	7.9710627121138184
4	22	7.861562469638676
4	23	7.76235275774406
4	24	7.672103313649655
4	25	7.589696019904358
4	26	7.514180052939692
4.1	1	1.8867449068550608
4.1	2	4.1772075913942
4.1	3	6.634309485705192
4.1	4	8.995752127793867
4.1	5	10.702939179206933
4.1	6	11.475697395350606
4.1	7	11.537333764698388
4.1	8	11.236459801970689
4.1	9	10.806946601108713
4.1	10	10.362958990196056
4.1	11	9.950134348431515
4.1	12	9.582258438533412
4.1	13	9.259949561152286
4.1	14	8.979035040380502
4.1	15	8.734091143036785
4.1	16	8.519811660452934
4.1	17	8.331502398754782
4.1	18	8.165166064870832
4.1	19	8.017463839598198
4.1	20	7.8856297347689885
4.1	21	7.767372567596853
4.1	22	7.660794552616384
4.1	23	7.564315054223818
4.1	24	7.4766134480655575
4.1	25	7.396581719082211
4.1	26	7.3232827063564985
4.2	1	1.9199653195015365
4.2	2	4.247610822504807
4.2	3	6.744919317916578
4.2	4	9.118814756885325
4.2	5	10.771594497045596
4.2	6	11.448142673023964
4.2	7	11.423343605062028
4.2	8	11.065342797575147
4.2	9	10.603868997908975
4.2	10	10.14421014118453
4.2	11	9.725152223197714
4.2	12	9.356241180251345
4.2	13	9.035647820264492
4.2	14	8.757834332547663
4.2	15	8.516612081736941
4.2	16	8.306264568729713
4.2	17	8.121866011656175
4.2	18	7.959304938157558
4.2	19	7.815181246851519
4.2	20	7.686706675614569
4.2	21	7.571588247268231
4.2	22	7.4679284011013065
4.2	23	7.374162214861456
4.2	24	7.288982591409236
4.2	25	7.211295412718773
4.2	26	7.140177048593058
4.3	1	1.9523146385498287
4.3	2	4.317179970215654
4.3	3	6.8538428202083646
4.3	4	9.236342905936393
4.3	5	10.828386503432311
4.3	6	11.406650308245334
4.3	7	11.298576224950478
4.3	8	10.88828791113286
4.3	9	10.399120889592808
4.3	10	9.926932243786215
4.3	11	9.503802328109645
4.3	12	9.135292630902077
4.3	13	8.817364855748915
4.3	14	8.543271478076234
4.3	15	8.306176116046155
4.3	16	8.10001683208497
4.3	17	7.919690362232617
4.3	18	7.760993999923287
4.3	19	7.62049629856819
4.3	20	7.495396027243902
4.3	21	7.383407232358547
4.3	22	7.2826461122237465
4.3	23	7.1915642696781745
4.3	24	7.108868980097687
4.3	25	7.0334839378392475
4.3	26	6.964503240571989
4.4	1	1.9839253071426979
4.4	2	4.385956372024614
4.4	3	6.9610903361398755
4.4	4	9.348156985870757
4.4	5	10.873332057579882
4.4	6	11.351988220739385
4.4	7	11.164279920838238
4.4	8	10.706550226166462
4.4	9	10.193720153726169
4.4	10	9.711860536488198
4.4	11	9.28656114295618
4.4	12	8.919695170393636
4.4	13	8.605227592453234
4.4	14	8.335360933200546
4.4	15	8.102707847556227
4.4	16	7.900926477526798
4.4	17	7.724778002808064
4.4	18	7.570001930977017
4.4	19	7.433145393762906
4.4	20	7.3114129883105665
4.4	21	7.202529043472057
4.4	22	7.104631659367846
4.4	23	7.016189252411832
4.4	24	6.935931510326895
4.4	25	6.862800617766883
4.4	26	6.795907466588855
4.5	1	2.014914122758397
4.5	2	4.453975775632166
4.5	3	7.066664142675411
4.5	4	9.4540736440906
4.5	5	10.906505169692458
4.5	6	11.284975039187158
4.5	7	11.02167312416604
4.5	8	10.52128396652729
4.5	9	9.988556848053838
4.5	10	9.499605815447623
4.5	11	9.073812942964205
4.5	12	8.709646142598642
4.5	13	8.39929856549648
4.5	14	8.134061905085927
4.5	15	7.906092155187831
4.5	16	7.7088248281608465
4.5	17	7.536920556215782
4.5	18	7.386083813393227
4.5	19	7.25286015771164
4.5	20	7.134467240840239
4.5	21	7.028649094706148
4.5	22	6.933567950911839
4.5	23	6.8477145314276395
4.5	24	6.769841671699855
4.5	25	6.698909976603249
4.5	26	6.634050109800703
4.6	1	2.045381175984876
4.6	2	4.521267557152656
4.6	3	7.170558402657652
4.6	4	9.55391326462966
4.6	5	10.928028563203975
4.6	6	11.20645168867146
4.6	7	10.871912411540722
4.6	8	10.333530070885406
4.6	9	9.784401729790945
4.6	10	9.290676424221964
4.6	11	8.865841064441925
4.6	12	8.50527025730712
4.6	13	8.199583311937229
4.6	14	7.939294793228275
4.6	15	7.716184220722225
4.6	16	7.523518545564005
4.6	17	7.355890209053867
4.6	18	7.208987798362772
4.6	19	7.0793689970448686
4.6	20	6.964271871426765
4.6	21	6.861468894095662
4.6	22	6.769148418192629
4.6	23	6.685825858632497
4.6	24	6.610278414368754
4.6	25	6.541488431264515
4.6	26	6.478604610881788
4.7	1	2.075408549272454
4.7	2	4.587859638472854
4.7	3	7.272759666943462
4.7	4	9.64748795483039
4.7	5	10.938076413451151
4.7	6	11.117286215534453
4.7	7	10.716097325831829
4.7	8	10.14422207890247
4.7	9	9.581919801313926
4.7	10	9.085477223407205
4.7	11	8.662860983281742
4.7	12	8.306635439609101
4.7	13	8.006045836199602
4.7	14	7.750946412304034
4.7	15	7.532819641550152
4.7	16	7.344802359800136
4.7	17	7.181451553359008
4.7	18	7.03845632893954
4.7	19	6.912396748920998
4.7	20	6.8005428788487325
4.7	21	6.700694814600703
4.7	22	6.6110716933671885
4.7	23	6.530218187555956
4.7	24	6.456933526695491
4.7	25	6.390224213598478
4.7	26	6.329258763075761
4.8	1	2.105061250233512
4.8	2	4.653777254320243
4.8	3	7.373249067530974
4.8	4	9.734622518352564
4.8	5	10.936880316189056
4.8	6	11.01835442254094
4.8	7	10.555258831445997
4.8	8	9.954200462611123
4.8	9	9.381671219508986
4.8	10	8.884335361544206
4.8	11	8.46501751742742
4.8	12	8.113760100523788
4.8	13	7.818612710470272
4.8	14	7.568882085299489
4.8	15	7.355814123307194
4.8	16	7.172460934204029
4.8	17	7.0133647107120005
4.8	18	6.87423297204182
4.8	19	6.751677359763885
4.8	20	6.643001056069074
4.8	21	6.546042170720817
4.8	22	6.459049182807919
4.8	23	6.380596593440857
4.8	24	6.309511101078817
4.8	25	6.244819609546839
4.8	26	6.18571187774088
4.9	1	2.134389641384014
4.9	2	4.719040110293139
4.9	3	7.471998998572325
4.9	4	9.815141840251718
4.9	5	10.924718148963501
4.9	6	10.91054149227047
4.9	7	10.390362563948084
4.9	8	9.764203759605401
4.9	9	9.184129163104854
4.9	10	8.687503595760655
4.9	11	8.272404436170968
4.9	12	7.926623974473588
4.9	13	7.637183672559486
4.9	14	7.392944383254423
4.9	15	7.184974055645295
4.9	16	7.006272085361817
4.9	17	6.851389284327718
4.9	18	6.716063363359899
4.9	19	6.596944333279163
4.9	20	6.491375796163168
4.9	21	6.3972330853075
4.9	22	6.312799579425638
4.9	23	6.236680755755238
4.9	24	6.167727438435815
4.9	25	6.1049901669731526
4.9	26	6.04768005543442
5	1	2.163429916575471
5	2	4.783671768566124
5	3	7.568975542942842
5	4	9.888883501833172
5	5	10.901917961501601
5	6	10.794711235237672
5	7	10.22230159250508
5	8	9.574883768446783
5	9	8.989684459784755
5	10	8.495170212865801
5	11	8.085063630481965
5	12	7.745170154730023
5	13	7.46163753292716
5	14	7.222966074388028
5	15	7.020097824867398
5	16	6.846013125375318
5	17	6.695286070521038
5	18	6.563696511496074
5	19	6.447940172718827
5	20	6.345403651840739
5	21	6.254001650546344
5	22	6.172055705772519
5	23	6.098198585360193
5	24	6.031311829941228
5	25	5.970467026437154
5	26	5.91489304916027
5.1	1	2.1922078983262674
5.1	2	4.847688845749929
5.1	3	7.664139759009762
5.1	4	9.95569711776962
5.1	5	10.868851761227445
5.1	6	10.671727375805292
5.1	7	10.051893660754756
5.1	8	9.38680792416706
5.1	9	8.798658117935776
5.1	10	8.307470786271653
5.1	11	7.903003992797873
5.1	12	7.569320210506924
5.1	13	7.291834880415107
5.1	14	7.058767892500886
5.1	15	6.860980597561724
5.1	16	6.691460687639213
5.1	17	6.544820220593978
5.1	18	6.4168897221266015
5.1	19	6.304415073893517
5.1	20	6.204830689825903
5.1	21	6.116093648856664
5.1	22	6.036560251617479
5.1	23	5.964895506875496
5.1	24	5.900006230506339
5.1	25	5.840989770085957
5.1	26	5.787094499696324
5.2	1	2.220740730839506
5.2	2	4.911110953889612
5.2	3	7.757444853477078
5.2	4	10.015445795467407
5.2	5	10.825932950729714
5.2	6	10.542424043133426
5.2	7	9.879889186800417
5.2	8	9.200467086739446
5.2	9	8.611306953578872
5.2	10	8.124491883659537
5.2	11	7.726198203409378
5.2	12	7.398972036533154
5.2	13	7.127623684359495
5.2	14	6.900164502917747
5.2	15	6.707416842369995
5.2	16	6.5423941697957195
5.2	17	6.399760285894816
5.2	18	6.275404144396529
5.2	19	6.166127439634875
5.2	20	6.069413864866456
5.2	21	5.983261849020721
5.2	22	5.906065577615419
5.2	23	5.836522110698921
5.2	24	5.773565550878799
5.2	25	5.716315239427844
5.2	26	5.6640389057046505
5.3	1	2.2490387212287217
5.3	2	4.973954212228926
5.3	3	7.848838786375914
5.3	4	10.068013010448835
5.3	5	10.773608931440128
5.3	6	10.40760408499252
5.3	7	9.706969835696391
5.3	8	9.016281439027635
5.3	9	8.427830789784503
5.3	10	7.946279897321159
5.3	11	7.554592975015487
5.3	12	7.234006934351788
5.3	13	6.968844896743568
5.3	14	6.746971244376566
5.3	15	6.55920030876125
5.3	16	6.398594262510405
5.3	17	6.259881158613987
5.3	18	6.1390120308235
5.3	19	6.03284635925689
5.3	20	5.9389187310961695
5.3	21	5.855272837011133
5.3	22	5.78034012694397
5.3	23	5.712847553102765
5.3	24	5.651757374884947
5.3	25	5.59621166243924
5.3	26	5.545497555110861
5.4	1	2.27710859034525
5.4	2	5.036234523015226
5.4	3	7.9382615296621
5.4	4	10.113296791836966
5.4	5	10.712358160461191
5.4	6	10.268041190139018
5.4	7	9.533742119201102
5.4	8	8.834606576735611
5.4	9	8.248382686277683
5.4	10	7.772851270992335
5.4	11	7.388114133445408
5.4	12	7.074295552339406
5.4	13	6.815331285203379
5.4	14	6.598995821368977
5.4	15	6.4161270255477945
5.4	16	6.25985056116614
5.4	17	6.124964691300623
5.4	18	6.007490267587646
5.4	19	5.904346362359853
5.4	20	5.813121653633795
5.4	21	5.731903396482471
5.4	22	5.659158984641194
5.4	23	5.593649265781927
5.4	24	5.5343612420666615
5.4	25	5.480460009572318
5.4	26	5.431251701779791
5.5	1	2.3049529416119
5.5	2	5.097966499063422
5.5	3	8.025649710046475
5.5	4	10.15122313106081
5.5	5	10.642687683839965
5.5	6	10.124471029214353
5.5	7	9.36075857961128
5.5	8	8.655737638386002
5.5	9	8.07307195302612
5.5	10	7.604194274254178
5.5	11	7.226672538727607
5.5	12	6.919698186126015
5.5	13	6.666913479284165
5.5	14	6.456051685956915
5.5	15	6.277998001365056
5.5	16	6.125955045323064
5.5	17	5.994799484933482
5.5	18	5.880625828048512
5.5	19	5.780416057682733
5.5	20	5.691809898294243
5.5	21	5.612939325416708
5.5	22	5.542310839780375
5.5	23	5.478715951234865
5.5	24	5.421167038425798
5.5	25	5.368851984169181
5.5	26	5.321095908515012
5.6	1	2.332574272616766
5.6	2	5.159165014726866
5.6	3	8.110933668154383
5.6	4	10.1817382535319
5.6	5	10.565118428388313
5.6	6	9.977588417043854
5.6	7	9.188501107842345
5.6	8	8.479924338029614
5.6	9	7.901971439293293
5.6	10	7.440267689816971
5.6	11	7.070161761388556
5.6	12	6.7700679167091895
5.6	13	6.523421640053788
5.6	14	6.317951869171215
5.6	15	6.144617307622033
5.6	16	5.996706414742411
5.6	17	5.869183336677055
5.6	18	5.758215743123117
5.6	19	5.660849361186439
5.6	20	5.574778474364784
5.6	21	5.498179597382507
5.6	22	5.429595737893219
5.6	23	5.367847821666959
5.6	24	5.3119775821989785
5.6	25	5.261191900819254
5.6	26	5.214834969206685
5.7	1	2.359972836392388
5.7	2	5.219842479575029
5.7	3	8.1940358555108
5.7	4	10.204809949627977
5.7	5	10.480191655950465
5.7	6	9.828043501480028
5.7	7	9.017400867607238
5.7	8	8.307361298997417
5.7	9	7.735121057961815
5.7	10	7.281017766768675
5.7	11	6.91846764936069
5.7	12	6.625258005699674
5.7	13	6.384684199536096
5.7	14	6.1845143147258765
5.7	15	6.015794823136712
5.7	16	5.871912690968983
5.7	17	5.747920829147843
5.7	18	5.640063403824769
5.7	19	5.545451882599812
5.7	20	5.461833718174702
5.7	21	5.387430243564925
5.7	22	5.3208203132914065
5.7	23	5.2608562332610544
5.7	24	5.206604424323949
5.7	25	5.157292738016075
5.7	26	5.112284054628931
5.8	1	2.3871498024598847
5.8	2	5.280012195449923
5.8	3	8.27487638896449
5.8	4	10.220443476248217
5.8	5	10.388454515828206
5.8	6	9.676445086926238
5.8	7	8.847830953799907
5.8	8	8.138210039650817
5.8	9	7.572537667485199
5.8	10	7.126373907524789
5.8	11	6.771466649510835
5.8	12	6.485112667609597
5.8	13	6.2505315879932235
5.8	14	6.05555821370199
5.8	15	5.891345389207635
5.8	16	5.751385573245672
5.8	17	5.630823071242881
5.8	18	5.525981782272968
5.8	19	5.434037931010765
5.8	20	5.352791786008923
5.8	21	5.280509061188703
5.8	22	5.215805024447817
5.8	23	5.157562180203419
5.8	24	5.104869663506704
5.8	25	5.056979365925477
5.8	26	5.0132690082940545
5.9	1	2.4141065429916715
5.9	2	5.339685112633852
5.9	3	8.353370382156262
5.9	4	10.22865762094081
5.9	5	10.290461315648244
5.9	6	9.523355243407092
5.9	7	8.680116238548162
5.9	8	7.972589136436387
5.9	9	7.414210560667694
5.9	10	6.976248376072329
5.9	11	6.629031652468722
5.9	12	6.349479708482876
5.9	13	6.120796491868469
5.9	14	5.930910865257577
5.9	15	5.771093012155296
5.9	16	5.634947001424265
5.9	17	5.517711814871761
5.9	18	5.415792781342808
5.9	19	5.326429020392353
5.9	20	5.247477054902539
5.9	21	5.177242626363324
5.9	22	5.1143778309352355
5.9	23	5.057794235914736
5.9	24	5.006607214226213
5.9	25	4.960085615509322
5.9	26	4.917625574393094
6	1	2.440844452152307
6	2	5.3988732272783775
6	3	8.429428438057219
6	4	10.22950605032596
6	5	10.186761596863835
6	6	9.369293248630415
6	7	8.514535260417624
6	8	7.810587814800255
6	9	7.260113509349126
6	10	6.83054855160255
6	11	6.491031239739874
6	12	6.218208041631259
6	13	5.995316070470275
6	14	5.81040136975951
6	15	5.6548648452765
6	16	5.522423250990721
6	17	5.408415751023175
6	18	5.30932569333251
6	19	5.222458893752915
6	20	5.145721495054977
6	21	5.07746509486139
6	22	5.016375120082169
6	23	4.961393067320161
6	24	4.911655780128401
6	25	4.866453507878854
6	26	4.825198892584328
6.1	1	2.4673666158726513
6.1	2	5.45758527162787
6.1	3	8.502955548824154
6.1	4	10.2230717825328
6.1	5	10.077906068464427
6.1	6	9.21473382700834
6.1	7	8.351327241363421
6.1	8	7.65226643192108
6.1	9	7.110201444064427
6.1	10	6.689171547905914
6.1	11	6.357329912314921
6.1	12	6.091145462321741
6.1	13	5.873929491443191
6.1	14	5.693867022215398
6.1	15	5.542494481516239
6.1	16	5.413649580226285
6.1	17	5.302769842023799
6.1	18	5.206418041045486
6.1	19	5.12196470680902
6.1	20	5.047367709990357
6.1	21	4.981021008408201
6.1	22	4.921644004829719
6.1	23	4.868205047140246
6.1	24	4.819865632192345
6.1	25	4.775935567871736
6.1	26	4.735841931979404
6.2	1	2.4936755883968407
6.2	2	5.515830770056737
6.2	3	8.573855270561669
6.2	4	10.209459614647624
6.2	5	9.964427432356846
6.2	6	9.060107726493257
6.2	7	8.190689300440829
6.2	8	7.497661074017192
6.2	9	6.964416893841269
6.2	10	6.552010198515494
6.2	11	6.227793281269873
6.2	12	5.968143260721832
6.2	13	5.756482045126432
6.2	14	5.581147969359088
6.2	15	5.433823757225292
6.2	16	5.308468323486133
6.2	17	5.200618329923789
6.2	18	5.106915944659744
6.2	19	5.024794766619414
6.2	20	4.95226556271221
6.2	21	4.88776202862737
6.2	22	4.830036867932372
6.2	23	4.778087167046422
6.2	24	4.731094726821938
6.2	25	4.688389861853676
6.2	26	4.649415056704219
6.3	1	2.5197751888484805
6.3	2	5.573619178348278
6.3	3	8.642027567591818
6.3	4	10.1888062035113
6.3	5	9.846850975052154
6.3	6	8.905807863018143
6.3	7	8.032787406673554
6.3	8	7.346787696712125
6.3	9	6.822691886736192
6.3	10	6.418951364456858
6.3	11	6.10228669954717
6.3	12	5.849054885996354
6.3	13	5.642821451614588
6.3	14	5.472093231315748
6.3	15	5.328700467174644
6.3	16	5.2067282139798525
6.3	17	5.101811680948396
6.3	18	5.010671431125985
6.3	19	4.930804845006504
6.3	20	4.860272065782859
6.3	21	4.797547043922982
6.3	22	4.741415819132254
6.3	23	4.690901387940837
6.3	24	4.645208553504172
6.3	25	4.603684724412705
6.3	26	4.565787679981478
6.4	1	2.5456692445015374
6.4	2	5.6309575409115045
6.4	3	8.707368973008808
6.4	4	10.161271114369754
6.4	5	9.725686361716571
6.4	6	8.752183250665462
6.4	7	7.877755398813134
6.4	8	7.1996426572243
6.4	9	6.684950279531945
6.4	10	6.289880695890442
6.4	11	5.9806767843057305
6.4	12	5.733737649539601
6.4	13	5.532802223300274
6.4	14	5.366554526135838
6.4	15	5.226979229835745
6.4	16	5.1082852473250595
6.4	17	5.006207180159397
6.4	18	4.9175446453197535
6.4	19	4.839856818074745
6.4	20	4.771251243721973
6.4	21	4.710242586203422
6.4	22	4.6556494464835145
6.4	23	4.606519966515477
6.4	24	4.562079497367144
6.4	25	4.521693250424453
6.4	26	4.484834810444714
6.5	1	2.5713621851458606
6.5	2	5.687852993637215
6.5	3	8.769777639123962
6.5	4	10.127034381455205
6.5	5	9.601422471047556
6.5	6	8.599548959022457
6.5	7	7.725697194828542
6.5	8	7.056204651674713
6.5	9	6.551107581405007
6.5	10	6.164682284714678
6.5	11	5.862830837917171
6.5	12	5.6220534543948135
6.5	13	5.426282970372394
6.5	14	5.264390987403275
6.5	15	5.128518691777963
6.5	16	5.013000970844097
6.5	17	4.913669815671425
6.5	18	4.82740321610744
6.5	19	4.751819461057085
6.5	20	4.68507479664157
6.5	21	4.625723831760996
6.5	22	4.572613554026939
6.5	23	4.524818711198562
6.5	24	4.481586012860579
6.5	25	4.442297246346025
6.5	26	4.406439829448986
6.6	1	2.596858639379783
6.6	2	5.744311550167963
6.6	3	8.829146431449955
6.6	4	10.086309879876039
6.6	5	9.474530340874892
6.6	6	8.448181482732272
6.6	7	7.576695835534606
6.6	8	6.916444677301154
6.6	9	6.421075210113893
6.6	10	6.043238294407111
6.6	11	5.7486199100240025
6.6	12	5.5138671308463865
6.6	13	5.323127762810662
6.6	14	5.165467352634766
6.6	15	5.033186328446229
6.6	16	4.920743975703841
6.6	17	4.824070656945066
6.6	18	4.740119344146939
6.6	19	4.666567429657698
6.6	20	4.601620615528464
6.6	21	4.5438682517551205
6.6	22	4.49218966085186
6.6	23	4.445682745920643
6.6	24	4.403614711642356
6.6	25	4.365383516713919
6.6	26	4.33049092577945
6.7	1	2.6221628159588906
6.7	2	5.800338499279365
6.7	3	8.88537089847187
6.7	4	10.03932322131616
6.7	5	9.345453829617508
6.7	6	8.298326468576583
6.7	7	7.430809647072342
6.7	8	6.7803184286597915
6.7	9	6.2947588380035375
6.7	10	5.925433233015391
6.7	11	5.637916927990422
6.7	12	5.409047970593188
6.7	13	5.223205180715562
6.7	14	5.069653611290552
6.7	15	4.940853235303165
6.7	16	4.831388719850399
6.7	17	4.73728577378372
6.7	18	4.655572184242725
6.7	19	4.583984251497139
6.7	20	4.520772983293523
6.7	21	4.464563960154285
6.7	22	4.414265917444269
6.7	23	4.369001506871472
6.7	24	4.328056724575703
6.7	25	4.290845748243018
6.7	26	4.256883232936052
6.8	1	2.6472796757063506
6.8	2	5.855938889948659
6.8	3	8.938345797534941
6.8	4	9.986322311024388
6.8	5	9.214617444657527
6.8	6	8.150195804997864
6.8	7	7.288078319493058
6.8	8	6.647774426530084
6.8	9	6.172063380548623
6.8	10	5.8111504984805835
6.8	11	5.530596047047204
6.8	12	5.307469656600028
6.8	13	5.1263887773258325
6.8	14	4.976825085384478
6.8	15	4.851398219526301
6.8	16	4.7448162156338665
6.8	17	4.65319972047951
6.8	18	4.573648352978551
6.8	19	4.503957593619863
6.8	20	4.442421243674021
6.8	21	4.387701736523399
6.8	22	4.338736879073579
6.8	23	4.294670958942742
6.8	24	4.254809283385599
6.8	25	4.218582230438191
6.8	26	4.185516608879192
6.9	1	2.672213617373613
6.9	2	5.911115873335109
6.9	3	8.987969928740354
6.9	4	9.927572461459086
6.9	5	9.082418167777103
6.9	6	8.003976274416168
6.9	7	7.148524214914218
6.9	8	6.518752046777741
6.9	9	6.052890357026094
6.9	10	5.700275766030099
6.9	11	5.426539277456628
6.9	12	5.209009095420877
6.9	13	5.032557804190513
6.9	14	4.8868633772042696
6.9	15	4.764704615525337
6.9	16	4.660911707971387
6.9	17	4.571698690336005
6.9	18	4.494238340874654
6.9	19	4.426379876849089
6.9	20	4.366461343444545
6.9	21	4.313180599075534
6.9	22	4.265501253502415
6.9	23	4.222592268150081
6.9	24	4.183775193696641
6.9	25	4.148497256050183
6.9	26	4.1162965762750785
7	1	2.696968853614762
7	2	5.965872434043457
7	3	9.034140170082116
7	4	9.863350365248424
7	5	8.949228274518314
7	6	7.859827243456452
7	7	7.012156039578013
7	8	6.393185928101305
7	9	5.937142532732876
7	10	5.592696934905252
7	11	5.325627674664481
7	12	5.113549750168355
7	13	4.941595951055558
7	14	4.7996535179121675
7	15	4.680660135147261
7	16	4.579566605320368
7	17	4.492679053464352
7	18	4.4172385636576506
7	19	4.351149770667852
7	20	4.292794319489285
7	21	4.240901466860696
7	22	4.194463880673948
7	23	4.152670640966683
7	24	4.114862668498687
7	25	4.080499539214718
7	26	4.049133747833018
7.1	1	2.721549745238581
7.1	2	6.02021150782619
7.1	3	9.076757639144663
7.1	4	9.793949899236372
7.1	5	8.815395487958622
7.1	6	7.7178804238712955
7.1	7	6.878968799671072
7.1	8	6.271004920101022
7.1	9	5.824718342156457
7.1	10	5.488302876101277
7.1	11	5.227748486276375
7.1	12	5.020977013308886
7.1	13	4.853391662994079
7.1	14	4.715087172498505
7.1	15	4.599159694053136
7.1	16	4.500678236183283
7.1	17	4.416037586234381
7.1	18	4.342550070716588
7.1	19	4.278171568972929
7.1	20	4.221325096258847
7.1	21	4.17077359689586
7.1	22	4.125534024777881
7.1	23	4.084817780112906
7.1	24	4.047983063136988
7.1	25	4.014503827284372
7.1	26	3.983943081410117
7.2	1	2.745960686131571
7.2	2	6.074132968074217
7.2	3	9.115730702317512
7.2	4	9.719671023473202
7.2	5	8.681241186342705
7.2	6	7.578247425672059
7.2	7	6.748944782594078
7.2	8	6.152134587635232
7.2	9	5.715521153714064
7.2	10	5.386986127587051
7.2	11	5.132790525590322
7.2	12	4.9311835664242345
7.2	13	4.7678385752026875
7.2	14	4.6330593080410285
7.2	15	4.520100633637362
7.2	16	4.42414597437333
7.2	17	4.341679720642305
7.2	18	4.270079392074783
7.2	19	4.207353279034453
7.2	20	4.151964668479527
7.2	21	4.102707519950088
7.2	22	4.058625216261336
7.2	23	4.01894914858812
7.2	24	3.983053795621975
7.2	25	3.9504271283039416
7.2	26	3.9206439593820397
7.29999	1	2.7702048880349843
7.29999	2	6.127637841263725
7.29999	3	9.150968114866156
7.29999	4	9.640825126889213
7.29999	5	8.547060416362207
7.29999	6	7.44102188213098
7.29999	7	6.6220591504306
7.29999	8	6.0364975034764505
7.29999	9	5.609450995751131
7.29999	10	5.288641822572097
7.29999	11	5.040649255481389
7.29999	12	4.8440623443875115
7.29999	13	4.684833231683174
7.29999	14	4.553472052034149
7.29999	15	4.443386785540836
7.29999	16	4.3498777063771366
7.29999	17	4.269513353929394
7.29999	18	4.199737350536066
7.29999	19	4.138608217876602
7.29999	20	4.084627319249523
7.29999	21	4.036620952483343
7.29999	22	3.9936565203309096
7.29999	23	3.954984398838167
7.29999	24	3.919996499339859
7.29999	25	3.8881928383905677
7.29999	26	3.859159980304473
7.39999	1	2.7942873465040807
7.39999	2	6.180727376202873
7.39999	3	9.182387874881982
7.39999	4	9.557722162686197
7.39999	5	8.413126211816515
7.39999	6	7.306277659367494
7.39999	7	6.498278135552825
7.39999	8	5.924014248481489
7.39999	9	5.506411642711446
7.39999	10	5.193167319025448
7.39999	11	4.951220157608885
7.39999	12	4.7595142770441665
7.39999	13	4.604277722777574
7.39999	14	4.4762285893131235
7.39999	15	4.36892567966143
7.39999	16	4.277782383702359
7.39999	17	4.199451108642603
7.39999	18	4.131438854422532
7.39999	19	4.071852862864756
7.39999	20	4.019232811778834
7.39999	21	3.9724344786094146
7.39999	22	3.9305489848480994
7.39999	23	3.892847149898823
7.39999	24	3.8587351311543285
7.39999	25	3.8277264942451925
7.39999	26	3.799417826252239
7.5	1	2.818211041392726
7.5	2	6.233397573505749
7.5	3	9.209912285666839
7.5	4	9.470679130091156
7.5	5	8.27968494826253
7.5	6	7.174069446338039
7.5	7	6.377559710070356
7.5	8	5.814602766419737
7.5	9	5.406308251552686
7.5	10	5.100464427005452
7.5	11	4.864405390797103
7.5	12	4.67744153173089
7.5	13	4.526078499473009
7.5	14	4.4012378491829285
7.5	15	4.296629888529799
7.5	16	4.207775460174994
7.5	17	4.131410043218624
7.5	18	4.065102812722086
7.5	19	4.007008429257588
7.5	20	3.9557033039431104
7.5	21	3.910072030461827
7.5	22	3.8692297761720984
7.5	23	3.832464439405233
7.5	24	3.799198812221498
7.5	25	3.768958213214852
7.5	26	3.741349456802437
7.6	1	2.841979408170144
7.6	2	6.285648040078695
7.6	3	9.233471170895411
7.6	4	9.380014068503142
7.6	5	8.146963275817352
7.6	6	7.044440340492093
7.6	7	6.259858048093889
7.6	8	5.708183346184486
7.6	9	5.30904687129954
7.6	10	5.010433680718382
7.6	11	4.7801103935666465
7.6	12	4.597752312581053
7.6	13	4.450145705963191
7.6	14	4.3284142187569286
7.6	15	4.2264140883613965
7.6	16	4.139774452124112
7.6	17	4.065311173214669
7.6	18	4.000652491988567
7.6	19	3.944000305362089
7.6	20	3.8939659482422257
7.6	21	3.849462855984596
7.6	22	3.809628057367194
7.6	23	3.7737687569504934
7.6	24	3.741320041665238
7.6	25	3.7118209755233287
7.6	26	3.68488832932996
7.7	1	2.865596119930184
7.7	2	6.337474050709598
7.7	3	9.253001753955015
7.7	4	9.286041906591729
7.7	5	8.015162940069045
7.7	6	6.917418433008629
7.7	7	6.145121750656792
7.7	8	5.604672977264293
7.7	9	5.214535294113739
7.7	10	4.922984637009482
7.7	11	4.6982412465439145
7.7	12	4.520357218480219
7.7	13	4.376393142043457
7.7	14	4.257674050392996
7.7	15	4.1581987137148735
7.7	16	4.073702759386108
7.7	17	4.001078719046351
7.7	18	3.9380145958814428
7.7	19	3.8827566670776137
7.7	20	3.833950972859204
7.7	21	3.79053840906204
7.7	22	3.7516775609897604
7.7	23	3.7166925608234567
7.7	24	3.6850341800383397
7.7	25	3.6562518240152584
7.7	26	3.6299725911004237
7.79999	1	2.8890651644065004
7.79999	2	6.388873207885346
7.79999	3	9.268455985441639
7.79999	4	9.189074182114505
7.79999	5	7.884465498126902
7.79999	6	6.793023823589333
7.79999	7	6.033294290505513
7.79999	8	5.50398978039227
7.79999	9	5.122683669353034
7.79999	10	4.83802587614598
7.79999	11	4.618711664085734
7.79999	12	4.445169829576917
7.79999	13	4.3047386195088695
7.79999	14	4.188937607459167
7.79999	15	4.091907360992798
7.79999	16	4.009485562933898
7.79999	17	3.9386409323223694
7.79999	18	3.877119258750341
7.79999	19	3.8232088997434537
7.79999	20	3.7755917669029495
7.79999	21	3.733233368518232
7.79999	22	3.6953141050630998
7.79999	23	3.6611748168703233
7.79999	24	3.6302799956641296
7.79999	25	3.602190447658301
7.79999	26	3.576541958254957
7.89999	1	2.912388177652359
7.89999	2	6.439839322102505
7.89999	3	9.279785964351321
7.89999	4	9.089415133765653
7.89999	5	7.755035015802001
7.89999	6	6.67126198192299
7.89999	7	5.924319411089855
7.89999	8	5.406053733977129
7.89999	9	5.033406007204306
7.89999	10	4.755470713571317
7.89999	11	4.541435075655774
7.89999	12	4.372109436657598
7.89999	13	4.235103108828706
7.89999	14	4.12212907462071
7.89999	15	4.027465831002635
7.89999	16	3.9470517542761416
7.89999	17	3.8779291244312466
7.89999	18	3.8178996129406344
7.89999	19	3.7652932727582162
7.89999	20	3.7188246380559624
7.89999	21	3.6774857686898836
7.89999	22	3.640476676964369
7.89999	23	3.6071553574598765
7.89999	24	3.576998701309365
7.89999	25	3.549578981266441
7.89999	26	3.5245407829053117
8	1	2.935569930139122
8	2	6.490365569365481
8	3	9.286960674118331
8	4	8.98736876442235
8	5	7.62701219375462
8	6	6.552129600919312
8	7	5.818134324146327
8	8	5.310783520241698
8	9	4.946616169414053
8	10	4.675234295605284
8	11	4.466331503970273
8	12	4.301097838385886
8	13	4.167411625957876
8	14	4.057176231666198
8	15	3.9648052725309957
8	16	3.886334682456793
8	17	3.818878746157133
8	18	3.7602923099450454
8	19	3.70894732518566
8	20	3.6635902248965024
8	21	3.623236957100744
8	22	3.5871083436208204
8	23	3.5545775512855684
8	24	3.525135158779422
8	25	3.4983629812891937
8	26	3.4739149040139146
8.09999	1	2.958612929135297
8.09999	2	6.540445856986352
8.09999	3	9.28995903456732
8.09999	4	8.883223184031852
8.09999	5	7.500523386832082
8.09999	6	6.4356177558770815
8.09999	7	5.714677384159901
8.09999	8	5.218099974337871
8.09999	9	4.8622331459095305
8.09999	10	4.5972360160979155
8.09999	11	4.393321353154008
8.09999	12	4.23205871687006
8.09999	13	4.1015918751912865
8.09999	14	3.9940100153273534
8.09999	15	3.9038591033904093
8.09999	16	3.8272692598824465
8.09999	17	3.7614264660150947
8.09999	18	3.704236726905708
8.09999	19	3.6541124243907888
8.09999	20	3.609830036867206
8.09999	21	3.5704307049503976
8.09999	22	3.535153917357904
8.09999	23	3.503387915229558
8.09999	24	3.474635662229362
8.09999	25	3.4484901780022184
8.09999	26	3.4246133637862477
8.2	1	2.9815202729752284
8.2	2	6.590072274443407
8.2	3	9.288767830162353
8.2	4	8.777262949492187
8.2	5	7.3756798914754755
8.2	6	6.3217077096859144
8.2	7	5.613883476800818
8.2	8	5.12792525112672
8.2	9	4.780174621506092
8.2	10	4.521396794288834
8.2	11	4.322329674577335
8.2	12	4.164920344056094
8.2	13	4.0375744344654585
8.2	14	3.932563909197011
8.2	15	3.844562711706111
8.2	16	3.7697945561502957
8.2	17	3.705512838059379
8.2	18	3.649674731404733
8.2	19	3.6007315134818243
8.2	20	3.5574897415407194
8.2	21	3.5190133930314467
8.2	22	3.4845604469521083
8.2	23	3.453534426973303
8.2	24	3.4254505004664737
8.2	25	3.3999113244753727
8.2	26	3.3765864716308296
8.3	1	3.004294623323928
8.3	2	6.639233956584698
8.3	3	9.283388067931376
8.3	4	8.669757390949318
8.3	5	7.252574145012864
8.3	6	6.210376627864279
8.3	7	5.515689629974029
8.3	8	5.040183366593934
8.3	9	4.700363987243497
8.3	10	4.4476416340226
8.3	11	4.253284173612699
8.3	12	4.099613914107149
8.3	13	3.9752940193609114
8.3	14	3.8727744569386426
8.3	15	3.7868555561815205
8.3	16	3.7138514618974177
8.3	17	3.651081314693945
8.3	18	3.59655165357598
8.3	19	3.5487519934580227
8.3	20	3.506516713670003
8.3	21	3.468933586928372
8.3	22	3.435278286493734
8.3	23	3.4049684955846877
8.3	24	3.3775310725147873
8.3	25	3.3525780906645757
8.3	26	3.32978798882855
8.4	1	3.026939022703844
8.4	2	6.687921783035971
8.4	3	9.27383094498281
8.4	4	8.560967750521716
8.4	5	7.1312889304091325
8.4	6	6.101596707160347
8.4	7	5.420028230927971
8.4	8	4.9547998118747225
8.4	9	4.622726604280969
8.4	10	4.375897812937935
8.4	11	4.186115973835819
8.4	12	4.0360731966091175
8.4	13	3.9146868744183902
8.4	14	3.8145814520639068
8.4	15	3.730680120549732
8.4	16	3.659383874274667
8.4	17	3.598077374675393
8.4	18	3.5448151294018375
8.4	19	3.498121792404824
8.4	20	3.4568615207896722
8.4	21	3.420142896617594
8.4	22	3.387259468456247
8.4	23	3.357643180850194
8.4	24	3.330831628564672
8.4	25	3.306446581472851
8.4	26	3.284173521807788
8.5	1	3.0494558942333954
8.5	2	6.736122711499726
8.5	3	9.260122375379915
8.5	4	8.45114406902637
8.5	5	7.011890351537263
8.5	6	5.995335355318925
8.5	7	5.326836557891076
8.5	8	4.871701040520272
8.5	9	4.547189010548744
8.5	10	4.306095520286367
8.5	11	4.120757496026963
8.5	12	3.9742347455872675
8.5	13	3.8556933552824963
8.5	14	3.7579277096593686
8.5	15	3.675980117132536
8.5	16	3.6063388851068146
8.5	17	3.546449577441608
8.5	18	3.494414093868131
8.5	19	3.4487928578504747
8.5	20	3.4084764723342564
8.5	21	3.3725951763829247
8.5	22	3.3404587292487373
8.5	23	3.3115136452936964
8.5	24	3.2853080924895885
8.5	25	3.261472664460149
8.5	26	3.2397002488236857
8.6	1	3.071848369347377
8.6	2	6.7838255433938475
8.6	3	9.242294509854759
8.6	4	8.340519911041914
8.6	5	6.894434465403714
8.6	6	5.891555098216864
8.6	7	5.236048647940988
8.6	8	4.790816009199453
8.6	9	4.473681437639154
8.6	10	4.238166980761404
8.6	11	4.057145100149019
8.6	12	3.9140378201745474
8.6	13	3.798254586420218
8.6	14	3.7027565577255546
8.6	15	3.6227029251030647
8.6	16	3.554664645093446
8.6	17	3.4961483406280705
8.6	18	3.445301209387652
8.6	19	3.4007179628937076
8.6	20	3.361315496090796
8.6	21	3.3262447028884874
8.6	22	3.2948326642163233
8.6	23	3.2665376677001534
8.6	24	3.2409186019589855
8.6	25	3.2176155594284617
8.6	26	3.1963290010207657
8.7	1	3.0941188486507656
8.7	2	6.831014422600796
8.7	3	9.22039636344097
8.7	4	8.229320078925772
8.7	5	6.778967190140118
8.7	6	5.79021536127741
8.7	7	5.147598756758693
8.7	8	4.712075058673271
8.7	9	4.402135738476684
8.7	10	4.172048076764418
8.7	11	3.9952181094116686
8.7	12	3.8554246933288514
8.7	13	3.742315724579459
8.7	14	3.6490159069858636
8.7	15	3.5707977097580224
8.7	16	3.5043128316599486
8.7	17	3.4471265586361843
8.7	18	3.3974306219620165
8.7	19	3.3538528024126943
8.7	20	3.3153353723787022
8.7	21	3.281050372512183
8.7	22	3.2503393485281094
8.7	23	3.2226737853464127
8.7	24	3.1976236005298886
8.7	25	3.1748362499375276
8.7	26	3.1540189228068436
8.8	1	3.1162697060814972
8.8	2	6.877675148323351
8.8	3	9.194487660399197
8.8	4	8.11775513005976
8.8	5	6.665521909208055
8.8	6	5.691274623605126
8.8	7	5.061423179089209
8.8	8	4.635410748083576
8.8	9	4.332485691767777
8.8	10	4.107676327621259
8.8	11	3.9349167281212813
8.8	12	3.7983387437624647
8.8	13	3.6878237047041855
8.8	14	3.596655322967657
8.8	15	3.520215609502919
8.8	16	3.455235466388207
8.8	17	3.399338535650226
8.8	18	3.3507581665215587
8.8	19	3.3081545533393664
8.8	20	3.2704952467584087
8.8	21	3.2369708790884864
8.8	22	3.206939168832191
8.8	23	3.179883934095599
8.8	24	3.1553842966990504
8.8	25	3.1330963044239795
8.8	26	3.1127346428678155
8.9	1	3.1383033374824634
8.9	2	6.923789151551234
8.9	3	9.164636750187627
8.9	4	8.0060217052166
8.9	5	6.554126320950433
8.9	6	5.59468860250061
8.9	7	4.977459734575616
8.9	8	4.560757646630994
8.9	9	4.264668976646178
8.9	10	4.044990770175222
8.9	11	3.8761845603101306
8.9	12	3.742727106098499
8.9	13	3.634727905691838
8.9	14	3.545625536029454
8.9	15	3.4709099363860347
8.9	16	3.40738906355349
8.9	17	3.3527412999920516
8.9	18	3.3052419928942296
8.9	19	3.26358239690219
8.9	20	3.226754771522146
8.9	21	3.1939675272882257
8.9	22	3.1645943678006967
8.9	23	3.138130212358868
8.9	24	3.1141645817101424
8.9	25	3.0923609037080677
8.9	26	3.0724401790595306
